2,20090211,100751,reason 92,11.07
1,20090219,100586,45.51
1,20090219,100657,34.44
2,20090222,100727,reason 13,34.44
1,20090225,100611,24.6
1,20090220,100606,43.05
2,20090210,100715,reason 82,13.53
2,20090207,100731,reason 13,9.84
2,20090221,100726,reason 92,45.51
1,20090221,100690,33.21
2,20090220,100706,reason 27,36.9
1,20090220,100658,3.69
1,20090223,100644,18.45
1,20090217,100565,39.36
1,20090225,100662,18.45
1,20090214,100600,41.82
2,20090213,100753,reason 23,8.61
1,20090223,100661,27.06
2,20090217,100756,reason 47,12.3