1,20090207,100574,29.52
2,20090209,100714,reason 53,17.22
1,20090214,100637,34.44
2,20090216,100721,reason 64,15.99
1,20090213,100561,11.07
1,20090203,100532,29.52
1,20090224,100553,23.37
2,20090219,100742,reason 86,41.82
2,20090223,100728,reason 71,13.53
2,20090211,100716,reason 13,39.36
2,20090218,100757,reason 79,2.46
1,20090209,100681,8.61
2,20090223,100762,reason 46,15.99
1,20090219,100624,17.22
1,20090208,100664,39.36
1,20090222,100660,49.2
1,20090224,100610,49.2
1,20090207,100631,39.36
2,20090213,100737,reason 56,1.23
1,20090209,100633,40.59
1,20090212,100560,28.29
1,20090214,100652,25.83
1,20090210,100682,35.67
2,20090224,100710,reason 12,46.74