1,20090218,100623,17.22
1,20090219,100548,14.76
1,20090217,100622,12.3
2,20090211,100700,reason 58,47.97
1,20090218,100656,47.97
1,20090221,100659,47.97
1,20090206,100535,27.06
1,20090201,100530,13.53
1,20090222,100551,24.6
1,20090209,100665,8.61
1,20090211,100683,25.83
2,20090208,100713,reason 61,40.59
2,20090219,100705,reason 27,33.21
1,20090216,100688,23.37
2,20090214,100754,reason 43,40.59
1,20090213,100580,23.37
1,20090207,100522,4.92
2,20090218,100741,reason 19,22.14
1,20090213,100599,6.15
1,20090207,100593,31.98
1,20090212,100667,12.3
1,20090206,100528,22.14
1,20090204,100526,33.21
2,20090216,100695,reason 58,4.92
1,20090213,100636,17.22
1,20090217,100546,35.67
2,20090214,100738,reason 27,47.97
1,20090216,100621,18.45
1,20090222,100627,22.14
2,20090218,100704,reason 54,7.38
1,20090203,100518,35.67
1,20090207,100529,23.37
1,20090201,100505,23.37
1,20090213,100618,17.22
1,20090201,100504,20.91
1,20090201,100507,20.91
1,20090216,100671,47.97
1,20090215,100601,27.06
1,20090211,100597,43.05
1,20090211,100578,17.22
2,20090225,100764,reason 52,35.67
1,20090225,100592,44.28
2,20090220,100743,reason 21,34.44
2,20090218,100723,reason 46,25.83
1,20090211,100635,3.69
1,20090210,100539,36.9
1,20090218,100547,14.76
2,20090212,100736,reason 94,17.22
2,20090220,100759,reason 21,15.99
1,20090208,100556,20.91
2,20090224,100729,reason 38,43.05
1,20090206,100521,35.67
2,20090211,100735,reason 3,3.69

1,20090223,100590,15.99
1,20090201,100500,18.45
2,20090224,100699,reason 41,20.91
2,20090217,100722,reason 18,8.61
2,20090225,100730,reason 33,28.29
1,20090210,100649,18.45
1,20090217,100603,11.07
2,20090207,100697,reason 49,31.98
2,20090221,100707,reason 7,23.37
1,20090225,100573,28.29
2,20090219,100758,reason 6,3.69
1,20090212,100541,11.07
2,20090228,100766,reason 43,28.29
1,20090208,100691,12.3
1,20090214,100686,19.68
1,20090215,100620,24.6
1,20090220,100549,1.23
1,20090225,100646,27.06
1,20090217,100655,20.91