1,20090202,100531,28.29
1,20090219,100673,43.05
2,20090209,100733,reason 76,49.2
1,20090223,100609,24.6
2,20090215,100720,reason 30,41.82
1,20090224,100645,15.99
1,20090210,100558,46.74
1,20090213,100685,34.44
1,20090210,100634,35.67
1,20090210,100666,2.46
1,20090210,100577,17.22
2,20090224,100746,reason 84,9.84
2,20090212,100717,reason 36,17.22
1,20090219,100605,11.07
1,20090212,100598,18.45
1,20090213,100668,14.76
1,20090222,100589,12.3
1,20090225,100678,7.38
1,20090218,100585,29.52
1,20090209,100576,6.15
2,20090223,100709,reason 37,36.9
1,20090212,100579,33.21
1,20090218,100604,40.59
2,20090222,100744,reason 65,11.07
1,20090218,100640,18.45
1,20090219,100641,33.21
1,20090220,100625,8.61
1,20090201,100503,38.13
2,20090217,100701,reason 23,41.82
1,20090207,100536,23.37
1,20090215,100653,31.98
1,20090224,100572,34.44
1,20090211,100616,13.53
2,20090224,100763,reason 39,18.45
1,20090216,100692,45.51
1,20090201,100516,1.23
1,20090213,100651,47.97
1,20090224,100677,40.59
1,20090205,100520,44.28
1,20090215,100638,38.13
1,20090222,100643,40.59
1,20090221,100550,3.69
1,20090215,100687,45.51
1,20090220,100568,33.21
2,20090210,100734,reason 19,33.21
1,20090219,100567,2.46
1,20090201,100502,44.28
1,20090214,100669,28.29
1,20090226,100693,14.76
1,20090202,100524,34.44
2,20090225,100747,reason 44,24.6
1,20090209,100595,45.51
1,20090201,100523,24.6
1,20090216,100654,29.52
1,20090209,100557,8.61
1,20090223,100552,25.83
1,20090202,100517,4.92
1,20090208,100680,41.82
2,20090215,100739,reason 88,30.75
1,20090222,100608,12.3
2,20090220,100696,reason 7,1.23
1,20090216,100689,15.99
2,20090221,100760,reason 5,8.61