1,20090209,100648,2.46
1,20090221,100588,22.14
1,20090207,100555,45.51
1,20090205,100513,33.21
1,20090225,100630,12.3
1,20090214,100562,45.51
2,20090222,100761,reason 95,20.91
2,20090227,100765,reason 16,23.37
1,20090214,100581,18.45
2,20090212,100694,reason 51,12.3
2,20090222,100708,reason 32,24.6
1,20090211,100540,39.36
1,20090217,100584,28.29
1,20090201,100509,49.2
2,20090214,100719,reason 14,7.38
2,20090219,100724,reason 36,27.06
1,20090203,100525,6.15
1,20090225,100554,31.98
1,20090215,100582,8.61
1,20090221,100675,19.68
1,20090207,100515,38.13
1,20090220,100674,34.44
1,20090209,100538,28.29
2,20090209,100749,reason 30,35.67
1,20090202,100510,4.92
2,20090212,100752,reason 74,7.38
2,20090220,100725,reason 40,27.06
1,20090205,100527,30.75
1,20090208,100647,47.97
1,20090208,100594,20.91
1,20090214,100619,4.92
1,20090221,100607,45.51
1,20090212,100684,28.29
2,20090225,100711,reason 17,29.52
1,20090208,100632,7.38
1,20090221,100642,40.59
1,20090214,100543,14.76
1,20090205,100534,14.76
2,20090207,100748,reason 10,24.6
1,20090204,100533,38.13
2,20090217,100740,reason 10,38.13
1,20090208,100575,27.06
1,20090211,100650,28.29
1,20090212,100617,33.21
1,20090204,100512,22.14
1,20090224,100629,20.91
1,20090210,100615,14.76
1,20090216,100564,22.14
2,20090222,100702,reason 86,8.61
2,20090207,100712,reason 68,8.61
1,20090224,100591,3.69
1,20090208,100537,29.52
1,20090223,100676,30.75
1,20090223,100571,11.07
2,20090215,100755,reason 77,41.82
1,20090222,100570,11.07
2,20090210,100750,reason 1,31.98
1,20090223,100628,2.46

2,20090217,100703,reason 51,41.82
1,20090206,100514,31.98
1,20090211,100559,23.37
2,20090223,100745,reason 50,43.05
1,20090207,100679,1.23
1,20090216,100545,14.76
1,20090215,100563,12.3
2,20090212,100698,reason 3,47.97