1,20090207,100663,12.3
1,20090210,100596,33.21
1,20090204,100519,15.99
1,20090201,100501,38.13
1,20090213,100542,23.37
1,20090221,100569,27.06

1,20090221,100626,35.67
1,20090215,100670,18.45
1,20090216,100602,22.14
1,20090208,100613,4.92
1,20090203,100511,36.9
1,20090218,100672,12.3
1,20090217,100639,23.37
1,20090215,100544,31.98
1,20090216,100583,41.82
2,20090213,100718,reason 86,44.28
2,20090229,100767,reason 95,23.37
1,20090201,100506,20.91
1,20090207,100612,3.69
1,20090209,100614,28.29
1,20090201,100508,11.07
1,20090220,100587,9.84
1,20090218,100566,8.61
2,20090208,100732,reason 89,14.76